-1.754977E-5
-1.743607E-5
-1.745928E-5
-1.7423E-5
-1.753693E-5
-1.743918E-5
-1.736317E-5
-1.74431E-5
-1.745137E-5
-1.741229E-5
-1.741553E-5
-1.730667E-5
-1.741627E-5
-1.737639E-5
-1.729953E-5
-1.72111E-5
-1.726732E-5
-1.723261E-5
-1.717332E-5
-1.727549E-5
-1.722505E-5
-1.70926E-5
-1.72039E-5
-1.718123E-5
-1.705952E-5
-1.700136E-5
-1.709641E-5
-1.697388E-5
-1.686967E-5
-1.679906E-5
-1.668742E-5
-1.660353E-5
-1.650285E-5
-1.637548E-5
-1.635984E-5
-1.632383E-5
-1.613087E-5
-1.605677E-5
-1.585861E-5
-1.567555E-5
-1.553163E-5
-1.540266E-5
-1.527352E-5
-1.506603E-5
-1.498321E-5
-1.474404E-5
-1.441196E-5
-1.412523E-5
-1.368892E-5
-1.347048E-5
-1.314011E-5
-1.288861E-5
-1.25632E-5
-1.203701E-5
-1.146245E-5
-1.07568E-5
-9.723469E-6
