300.5603
290.5461
280.5584
270.5602
260.5403
250.5174
240.5209
230.5182
220.4964
210.4757
200.4567
190.4484
180.4215
170.4021
160.3795
149.991
140.3279
130.3022
120.2745
110.2365
100.2033
90.18678
80.12561
75.10074
70.08175
65.08627
60.05639
55.02068
50.02217
45.00913
40.00146
34.99866
30.0014
27.9954
25.99574
23.98602
21.98747
19.98709
17.98879
15.98999
14.00307
12.9958
11.99436
10.99124
10.00098
8.997588
8.004623
7.003155
5.990597
5.504799
5.005497
4.501853
4.00416
3.49395
2.997837
2.496913
1.99805
