1.0862645546872668e-07
1.1534381740115496e-07
1.208785212408394e-07
1.2620683725728226e-07
1.3342518322787756e-07
1.4073956873411188e-07
1.4920885130701475e-07
1.5782029326708463e-07
1.6671786353909807e-07
1.7539398693906789e-07
1.8954079921453037e-07
2.0354679935588076e-07
2.1822654818202724e-07
2.328861209927775e-07
2.5228760064733267e-07
2.7169576956207395e-07
2.9689622568225463e-07
3.2213677409636667e-07
3.565568124425725e-07
3.911045354665478e-07
4.352477450318614e-07
4.899611382328787e-07
5.228019894094882e-07
5.55855603807941e-07
5.998873529644392e-07
6.437768344599874e-07
7.009964560584746e-07
7.584355235764524e-07
8.307597610525931e-07
9.171638774361759e-07
1.0209870403207094e-06
1.147251123094881e-06
1.2107788280390846e-06
1.2740040300641331e-06
1.344689270842115e-06
1.4271144658923847e-06
1.5082369236177104e-06
1.6136222153416974e-06
1.7205390372390862e-06
1.7882392327599142e-06
1.8563800291225672e-06
1.940881164589024e-06
2.025722150909559e-06
2.1463613150671217e-06
2.268816551059239e-06
2.4827918840080565e-06
2.6991002258710035e-06
3.1030609100768355e-06
3.816110755061933e-06
4.54914159978049e-06
5.32616346958823e-06
7.261378491456635e-06
9.312058620198124e-06
1.3872200411664305e-05
2.2274435203805164e-05
3.607426350714449e-05
